300, 1200, 0
0, 160
0, 201
0, 184
0, 162
0, 189
0, 260
1, 230
1, 227
1, 253
1, 91
1, 36
1, 176
1, 97
1, 135
2, 231
2, 283
2, 187
2, 46
2, 53
2, 226
3, 169
3, 221
3, 277
3, 40
3, 72
3, 38
3, 154
3, 285
3, 231
3, 201
3, 44
3, 75
4, 289
4, 135
4, 26
4, 137
4, 225
4, 248
4, 91
4, 212
4, 165
4, 172
4, 177
4, 170
5, 17
5, 25
5, 107
5, 123
5, 79
5, 31
5, 250
5, 74
5, 78
6, 97
6, 277
6, 266
6, 107
6, 33
6, 136
6, 133
6, 112
6, 41
6, 263
6, 120
7, 90
7, 264
7, 230
7, 105
7, 68
7, 112
7, 257
7, 284
7, 216
8, 135
8, 218
8, 199
8, 89
8, 112
8, 154
8, 294
9, 35
9, 155
9, 15
9, 37
9, 272
10, 272
10, 178
10, 43
10, 65
10, 80
10, 226
11, 74
11, 104
11, 46
11, 299
11, 174
11, 247
12, 232
12, 20
12, 256
12, 91
12, 191
12, 55
12, 139
12, 102
12, 251
12, 200
12, 119
12, 85
13, 264
13, 231
13, 176
13, 153
13, 200
13, 16
14, 209
14, 133
14, 229
14, 159
14, 276
14, 261
14, 206
14, 106
14, 28
14, 42
14, 291
15, 228
15, 150
15, 130
16, 230
16, 205
16, 228
16, 53
16, 46
16, 102
16, 221
16, 112
16, 297
16, 58
16, 265
17, 153
17, 160
17, 224
17, 26
17, 256
17, 54
17, 215
17, 122
17, 96
17, 187
18, 119
18, 274
18, 207
18, 129
18, 261
18, 130
18, 211
18, 181
19, 162
19, 163
19, 282
19, 146
20, 68
20, 124
20, 235
20, 292
20, 188
20, 298
20, 151
20, 106
21, 92
21, 230
21, 182
21, 80
21, 82
21, 25
21, 192
21, 76
21, 61
21, 258
21, 64
21, 221
22, 75
22, 88
22, 270
22, 216
22, 74
22, 191
23, 278
23, 94
23, 270
24, 233
24, 126
24, 227
24, 226
24, 134
24, 55
24, 184
24, 224
25, 140
25, 271
25, 157
25, 229
25, 204
25, 299
25, 180
25, 210
26, 183
26, 40
26, 263
26, 286
26, 185
26, 179
26, 140
26, 141
26, 115
26, 152
26, 120
26, 160
27, 155
27, 68
27, 250
27, 264
27, 224
27, 213
27, 66
27, 50
28, 81
28, 252
28, 130
28, 152
28, 223
28, 187
29, 153
29, 200
29, 198
29, 269
29, 91
29, 282
29, 51
29, 247
30, 150
30, 243
30, 176
30, 136
30, 144
30, 242
30, 253
31, 66
31, 272
31, 285
31, 89
31, 185
31, 254
31, 145
32, 202
32, 224
32, 47
32, 210
32, 180
32, 64
32, 274
32, 207
32, 138
32, 124
32, 132
33, 264
33, 159
33, 104
33, 290
33, 39
33, 260
33, 218
34, 161
34, 203
34, 205
34, 53
34, 110
34, 103
34, 137
34, 62
34, 176
34, 113
34, 134
35, 185
36, 68
36, 235
36, 161
36, 281
36, 199
36, 213
37, 213
37, 83
37, 174
37, 273
37, 184
38, 67
38, 279
38, 242
38, 50
38, 42
38, 102
39, 153
39, 256
39, 50
39, 106
39, 52
40, 173
40, 204
40, 64
40, 107
40, 252
40, 273
41, 219
41, 189
41, 275
41, 108
41, 159
41, 247
41, 246
41, 239
41, 214
41, 292
42, 246
42, 108
42, 44
42, 145
43, 286
43, 94
43, 207
43, 251
43, 77
43, 238
43, 293
44, 155
44, 272
44, 192
44, 212
44, 225
44, 58
44, 167
45, 165
45, 195
45, 55
45, 169
45, 282
46, 158
46, 261
46, 210
46, 102
47, 86
47, 233
47, 155
47, 299
47, 87
48, 97
48, 129
48, 160
48, 176
48, 272
48, 286
48, 211
48, 134
49, 112
49, 205
49, 134
49, 297
49, 89
49, 211
49, 57
49, 71
49, 85
49, 207
49, 187
50, 132
50, 235
50, 225
50, 264
50, 242
50, 267
50, 239
50, 258
51, 213
51, 194
51, 87
51, 284
51, 274
51, 240
52, 260
52, 226
52, 194
52, 90
53, 178
53, 250
53, 271
53, 265
53, 58
53, 73
54, 135
54, 297
54, 189
54, 298
54, 151
54, 123
54, 94
54, 276
55, 132
55, 106
55, 92
55, 119
55, 108
55, 269
55, 180
55, 229
56, 191
56, 243
56, 228
56, 230
56, 199
56, 203
56, 138
56, 131
56, 253
57, 261
57, 59
57, 162
57, 247
57, 101
57, 91
57, 294
58, 159
58, 165
58, 203
58, 281
58, 207
58, 278
59, 132
59, 243
59, 237
59, 250
59, 156
59, 228
59, 174
59, 146
59, 138
59, 183
60, 118
60, 73
60, 240
60, 218
60, 173
60, 224
60, 194
60, 67
61, 94
61, 208
61, 205
62, 122
62, 298
62, 223
62, 221
62, 208
63, 253
63, 166
63, 193
63, 268
63, 225
63, 199
64, 150
64, 94
64, 188
64, 228
65, 77
65, 137
65, 259
66, 183
66, 80
66, 235
66, 97
67, 106
67, 87
67, 298
67, 176
67, 210
68, 182
68, 247
68, 299
68, 216
68, 231
68, 75
69, 196
69, 149
69, 244
70, 191
70, 231
70, 93
70, 135
70, 168
70, 256
71, 264
71, 183
71, 287
71, 134
72, 266
72, 258
72, 203
72, 81
73, 80
73, 115
73, 246
73, 245
73, 203
74, 149
74, 247
74, 185
74, 98
74, 199
74, 113
74, 138
74, 110
74, 120
75, 207
75, 77
75, 256
75, 289
75, 163
76, 209
76, 187
76, 244
76, 299
76, 268
76, 119
77, 293
77, 192
77, 122
77, 196
77, 155
77, 216
77, 180
77, 169
77, 247
77, 295
78, 246
78, 170
78, 233
78, 135
78, 240
79, 90
79, 123
80, 223
80, 224
80, 249
80, 199
80, 91
80, 108
80, 185
81, 254
81, 106
81, 225
81, 177
81, 146
81, 231
81, 189
81, 147
81, 192
81, 296
81, 265
81, 275
82, 107
82, 199
82, 167
82, 133
83, 109
83, 244
83, 123
84, 213
84, 283
84, 274
85, 125
85, 150
85, 120
85, 143
85, 201
85, 242
85, 208
86, 271
86, 126
86, 180
86, 166
86, 99
86, 138
86, 245
87, 296
87, 96
87, 99
88, 253
88, 259
88, 242
88, 99
88, 210
88, 233
89, 233
89, 127
89, 198
89, 272
89, 126
89, 261
89, 295
90, 229
90, 289
90, 226
90, 193
90, 255
90, 299
90, 225
90, 211
90, 231
91, 95
91, 262
91, 161
91, 129
91, 259
91, 215
91, 210
92, 140
92, 248
92, 144
92, 247
92, 160
92, 240
93, 147
93, 189
93, 134
93, 94
93, 268
93, 190
94, 164
94, 210
94, 275
95, 199
95, 273
95, 164
95, 276
95, 207
95, 183
96, 228
96, 119
96, 298
96, 233
96, 191
96, 270
96, 237
96, 102
97, 222
97, 283
97, 204
97, 295
97, 164
97, 123
98, 161
98, 280
98, 266
98, 192
98, 189
99, 165
99, 133
99, 113
99, 128
99, 299
99, 215
99, 110
99, 208
99, 192
100, 124
100, 142
100, 211
100, 119
101, 157
101, 200
101, 297
101, 166
101, 136
102, 278
102, 204
102, 220
103, 122
103, 186
103, 227
103, 169
103, 151
103, 157
103, 259
103, 159
103, 124
104, 220
104, 211
104, 194
104, 139
104, 263
104, 179
105, 155
105, 188
105, 116
106, 295
106, 173
106, 287
107, 270
107, 144
107, 173
107, 254
108, 214
108, 245
108, 254
108, 271
109, 116
109, 229
109, 186
109, 217
110, 195
110, 222
110, 174
110, 299
110, 271
111, 221
111, 243
111, 128
111, 148
111, 283
112, 216
112, 271
112, 187
112, 189
113, 184
113, 243
113, 259
113, 138
113, 182
113, 224
113, 171
114, 150
114, 181
114, 161
114, 268
115, 118
115, 263
115, 204
116, 168
116, 293
116, 201
117, 126
117, 168
117, 140
117, 196
117, 180
117, 267
118, 289
118, 167
118, 284
118, 249
119, 137
119, 205
119, 210
119, 295
119, 248
120, 291
120, 268
120, 131
121, 187
122, 208
122, 125
122, 163
122, 135
123, 164
123, 252
123, 218
123, 127
123, 232
123, 126
123, 148
123, 253
124, 206
124, 125
124, 205
124, 217
124, 241
125, 133
125, 136
125, 283
125, 270
125, 282
125, 259
125, 239
125, 276
126, 240
126, 278
126, 258
126, 190
126, 243
126, 221
126, 182
126, 135
127, 159
127, 283
127, 169
128, 284
128, 251
129, 193
129, 297
129, 227
129, 187
130, 175
130, 258
130, 284
130, 231
131, 267
131, 183
131, 223
131, 277
132, 243
132, 169
132, 273
132, 248
132, 275
133, 252
133, 142
133, 200
133, 154
133, 253
133, 213
133, 141
134, 257
134, 176
134, 279
134, 144
134, 217
135, 173
135, 161
135, 253
136, 268
136, 247
136, 145
137, 220
137, 258
137, 219
137, 157
138, 215
138, 198
138, 263
139, 211
139, 261
139, 208
139, 197
139, 272
140, 216
141, 262
142, 271
142, 193
142, 207
142, 189
142, 273
142, 274
142, 226
143, 184
143, 258
143, 169
144, 218
144, 205
144, 256
144, 288
145, 175
145, 259
145, 267
146, 295
146, 267
146, 157
146, 298
147, 287
147, 285
147, 252
148, 181
148, 228
148, 154
149, 258
149, 226
149, 208
149, 265
150, 201
150, 270
150, 288
151, 244
151, 175
151, 257
151, 167
151, 161
151, 269
152, 259
152, 298
152, 188
152, 275
152, 167
153, 225
153, 195
153, 181
154, 220
154, 225
154, 184
154, 166
154, 239
154, 203
155, 242
155, 227
155, 259
156, 228
156, 233
156, 225
156, 223
156, 170
156, 204
156, 159
156, 277
157, 277
157, 249
157, 240
157, 274
158, 250
158, 264
159, 231
159, 229
159, 262
159, 291
160, 278
160, 244
161, 211
161, 295
162, 177
162, 274
162, 194
162, 237
162, 187
162, 281
163, 228
163, 236
163, 208
163, 299
164, 177
164, 174
165, 169
165, 223
165, 167
165, 279
165, 222
165, 168
165, 228
166, 261
166, 191
167, 168
167, 248
167, 294
167, 260
167, 242
167, 216
168, 254
168, 275
168, 255
168, 179
169, 287
169, 223
169, 243
170, 279
170, 234
170, 218
170, 270
170, 264
171, 234
171, 177
171, 214
171, 292
172, 251
172, 226
172, 219
172, 198
172, 236
173, 221
174, 179
174, 197
175, 237
175, 193
177, 204
177, 217
177, 228
177, 237
177, 245
177, 236
178, 202
178, 275
178, 228
178, 220
179, 216
179, 195
180, 250
180, 198
180, 283
180, 271
180, 206
181, 225
181, 186
181, 277
181, 271
181, 242
181, 278
182, 268
182, 263
182, 292
182, 196
182, 264
182, 224
183, 212
183, 262
184, 257
184, 223
185, 294
185, 251
185, 286
185, 192
186, 238
186, 243
186, 231
187, 271
188, 275
188, 270
188, 206
188, 285
188, 255
189, 265
189, 299
189, 193
189, 249
190, 285
190, 242
190, 257
190, 295
191, 199
192, 193
193, 244
194, 278
194, 255
194, 212
195, 219
195, 249
195, 250
195, 255
196, 254
196, 247
196, 213
197, 223
197, 224
197, 217
197, 214
198, 294
198, 279
198, 248
198, 236
199, 295
199, 222
199, 271
199, 230
199, 208
199, 286
200, 293
201, 232
201, 276
201, 237
202, 294
202, 297
203, 296
203, 286
204, 205
204, 220
204, 215
204, 277
204, 260
204, 219
205, 299
205, 211
205, 236
205, 261
206, 238
206, 226
206, 279
206, 271
207, 216
207, 269
208, 289
208, 211
209, 277
210, 251
210, 220
210, 291
211, 291
211, 255
211, 234
211, 247
212, 259
212, 220
213, 282
213, 225
215, 245
215, 297
216, 242
217, 219
217, 225
217, 262
218, 284
220, 286
221, 236
221, 285
221, 258
221, 241
222, 299
222, 264
224, 263
224, 241
224, 282
226, 233
226, 263
228, 236
228, 252
228, 289
229, 275
229, 239
229, 251
229, 252
230, 250
230, 256
231, 257
231, 283
231, 267
232, 269
232, 287
232, 282
233, 272
233, 294
234, 267
234, 254
234, 284
235, 244
236, 242
236, 264
237, 247
238, 285
238, 243
238, 281
239, 260
240, 264
241, 254
241, 256
242, 249
243, 250
244, 261
245, 263
248, 273
249, 270
250, 274
251, 274
252, 292
253, 294
253, 292
253, 283
254, 292
254, 259
254, 271
256, 298
257, 291
259, 279
259, 286
263, 267
263, 293
263, 298
265, 296
266, 296
267, 289
268, 293
269, 297
270, 291
271, 292
272, 298
274, 291
274, 297
274, 279
274, 285
274, 283
276, 290
277, 285
278, 279
280, 287
280, 281
283, 289
284, 288
284, 290
285, 288
